-41.88786652236652, 10.70583189033189, 38.7805844139024
-39.88201788937818, 10.93683035992148, 37.72491865546287
-37.89813882800462, 11.310687736624775, 36.63901699740654
-35.95682333462576, 11.86339176723719, 35.52012245154854
-34.09581666271634, 12.643137904095399, 34.365225940657474
-32.37052323731961, 13.68689670242032, 33.170932479908785
-30.871997615254696, 15.034388267201097, 31.93274131197644
-29.705209629878805, 16.676286715097127, 30.645223978535103
-28.941587408719094, 18.540525543716292, 30.880078436876623
-28.58765211105764, 20.525249410485245, 31.90405528099005
-28.595523113248213, 22.542505898243117, 33.38590756294392
-28.89044686457785, 24.538821180764955, 35.04985013195731
-29.413474909830825, 26.48842515380881, 36.690498748721936
-30.121534136367206, 28.378933682437008, 38.163691053708874
-30.976546324153954, 30.207774656876584, 39.00288592205307
-31.956179223384762, 31.973212312750952, 39.99576055316162
-33.046109510179654, 33.67281828259135, 40.45953831122602
-34.230718571556345, 35.30791675494796, 40.17482236838995
-35.505383483255294, 36.87383119889016, 39.15675449380935
-36.86180279166765, 38.369505487890265, 38.11149348440507
-38.29909324162392, 39.78758988188683, 37.03676433054454
-39.814318187116434, 41.12206929588629, 35.92990590851932
-41.41020981121257, 42.3587850988141, 34.787905739165424
-43.08603084669034, 43.48464305663468, 33.6071812659529
-44.84685461362515, 44.472082077099465, 32.383495856067896
-46.69450743061076, 45.28464764755917, 31.11194891554246
-48.62551425647791, 45.87025937912852, 29.78656186607966
-50.62354692638418, 46.14280725911279, 28.400313962724187
-52.63330769238846, 46.00461030303294, 26.94434208207162
-54.53894811648907, 45.35847681745711, 25.40687938081823
-56.195350026427704, 44.21527326437067, 23.769839974103665
-57.51182238003156, 42.68978629900199, 22.009212659256164
-58.49972386405205, 40.93127957861724, 20.092918656272964
-59.2164124632884, 39.04503611799193, 17.97256193912869
-59.7239193575056, 37.09147905277819, 15.565246050437102
-60.06679811290778, 35.102071678376355, 12.709339901267493
-60.2792630394678, 33.09432246588096, 8.98715377485605
-60.389207070707066, 31.078094516594586, 0.0000016858739404357613
-60.389207070707066, 31.078094516594515, 0
-60.98008203909725, 11.08682475272684, 0
endData
20
70.32
50
-41.88786652236652, 10.70583189033189, -3.845784271284271, 13.824035353535352, -59.14192568542568, 73.27778138528139, -60.389207070707066, 31.078094516594515
