-35.0278189033189, 64.96257215007215, 16.51386389113472
-35.06746728298309, 62.87296292335475, 13.751664884010367
-35.337618221846675, 60.80193331320343, 10.68080463444808
-36.04475339059428, 58.84270192107924, 8.117526275053034
-37.37835759858926, 57.247981096525734, 7.47365882892836
-39.07423895103291, 56.027676861548656, 8.43627736362283
-40.780899767537, 54.82121268816707, 10.109952922587876
-42.34537395079506, 53.43678410125937, 12.002633262603535
-43.721350854661345, 51.86465159199934, 14.316824855910577
-44.917175674224126, 50.15093019624451, 12.931038141453842
-45.95963912016387, 48.33942269522439, 9.143846805274782
-46.87699206349206, 46.4612316017316, 0
-55.131599605677906, 28.2441666810456, 0
endData
20
70.32
50
-35.0278189033189, 64.96257215007215, -34.819938672438674, 53.32127922077922, -40.84846536796537, 59.765566378066374, -46.87699206349206, 46.4612316017316
