-59.765566378066374, 30.03869336219336, 24.298796305297575
-59.700209728930005, 32.05019252963635, 24.182287428692536
-59.36113402164605, 34.03404481460764, 24.400987273271447
-58.77284860468584, 35.958990295152084, 24.890412701406756
-57.96777859754374, 37.80409957339082, 25.584264476783442
-56.97987711423413, 39.558421517943216, 26.420535085367657
-55.840441541642164, 41.218624783036745, 27.344945657307417
-54.573624003035036, 42.78397377527396, 28.31208874125449
-53.20354323581625, 44.259879134564144, 29.043025267083983
-51.74586490559505, 45.64946180478922, 30.0008518437043
-50.21560088508317, 46.9587844967199, 30.693295422481082
-48.62184920144309, 48.1901156608506, 31.35417080556898
-46.974624264651816, 49.34896203504347, 31.976664463145717
-45.2809363762865, 50.43880924512714, 32.73746966484967
-43.546452188372534, 51.462520036807604, 33.250522644062414
-41.77590335299016, 52.422538684909725, 33.71044735991735
-39.97326846208338, 53.320886762196025, 34.114637134729705
-38.141921645654875, 54.15917066164328, 33.58413391228348
-36.284753924644704, 54.93859408526257, 32.36248304358701
-34.40427286738047, 55.65997120366066, 31.092866657317366
-32.502685381781895, 56.32373782387961, 29.76914737970926
-30.581967777249357, 56.92995895249113, 28.383754620937808
-28.643841730302064, 57.478012602648306, 26.92717154612768
-26.689927752155963, 57.966780259967265, 25.387158648604615
-24.722073829063206, 58.39592953663799, 23.747497385231764
-22.741904283773177, 58.764041302051666, 21.985900975050356
-20.751081856310062, 59.069292090531164, 20.070284170688616
-18.751364110192288, 59.30943343652371, 17.951403881047316
-16.744666509625326, 59.48176780088639, 15.546367452264134
-14.733134993828868, 59.583122769499255, 12.693549767113536
-12.719231002100017, 59.60982617198428, 8.975687430257755
-10.705831890331932, 59.557686147186146, 0.0000013058723390225556
-10.70583189033189, 59.557686147186146, 0
9.2727690322601, 58.63275091928837, 0
endData
20
70.32
50
-59.765566378066374, 30.03869336219336, -60.389207070707066, 46.25335137085137, -33.15689682539683, 60.5970873015873, -10.70583189033189, 59.557686147186146
