-22.970765512265512, 5.7167063492063495, 8.37599312225122
-23.395013507001607, 7.831582488205605, 7.478055672143336
-24.527239676766403, 9.665674552768927, 7.42424316009388
-26.191623981208064, 11.041953094040698, 7.990609217765549
-28.140579693370174, 11.981253964604266, 8.701828880417981
-30.221916443485352, 12.57841745189997, 9.369375161681038
-32.3619337451487, 12.913642278088279, 9.912638329511179
-34.52471990123713, 13.040147424343646, 9.309488720075073
-36.69086075036075, 12.99251443001443, 0
-56.65634821386067, 11.818073990985017, 0
endData
20
70.32
50
-22.970765512265512, 5.7167063492063495, -23.178645743145744, 11.329472582972583, -29.6229329004329, 13.40827489177489, -36.69086075036075, 12.99251443001443
