-7.171867965367965, 4.469424963924964, 21.382176622324682
-8.452202407319087, 6.053646292612803, 19.535420304607698
-9.832349939638087, 7.5514508103645, 17.91914329736225
-11.330443965228019, 8.930849375609439, 16.30163716592678
-12.962440522818396, 10.14825095713971, 14.880680154763304
-14.732420349688034, 11.153767903165752, 13.970160051849923
-16.623495942830182, 11.90681358551156, 13.546566631238232
-18.598943982308132, 12.39870516378083, 13.581160454473315
-20.618429841973033, 12.659719865472, 13.972525816665296
-22.65338194583712, 12.74498233469144, 14.614630313410698
-24.690149289471528, 12.713421996722776, 15.442189461436891
-26.724899999189418, 12.614810316821256, 16.412519163924372
-28.758134690490234, 12.488102016496027, 17.341328893304542
-30.79139234998138, 12.36175753720518, 15.635149950512403
-32.825820899400675, 12.256206617589624, 12.76602212997644
-34.86175989321319, 12.186030408036062, 9.026926273656514
-36.898740981240984, 12.160993506493506, 0
-56.89874098124098, 12.16099350649351, 0
endData
20
70.32
50
-7.171867965367965, 4.469424963924964, -15.90283766233767, 15.902837662337664, -22.762885281385284, 12.160993506493506, -36.898740981240984, 12.160993506493506
