-47.084872294372296, 46.87699206349206, 19.473842105669014
-47.55103749879859, 44.85764151201407, 17.214301120486997
-47.42581295105477, 42.791473460174586, 16.643057870208004
-46.71448132751585, 40.845009731876495, 17.497202042330407
-45.594597800991046, 39.09735576130244, 19.118242740493276
-44.241580485485734, 37.521022012960394, 20.666082285510363
-42.75931430125155, 36.06456571567144, 22.184776052751122
-41.208325882729845, 34.68115863643095, 23.30380246053183
-39.62432942349713, 33.33553206843034, 24.533821726237896
-38.03085874661449, 32.00110606058039, 25.368411813853708
-36.44584660831949, 30.65666284980179, 26.071194544598477
-34.88451508661617, 29.28483441868244, 26.65378135769863
-33.36123263283852, 27.870942542679423, 27.13697788640487
-31.8902079268926, 26.402852156403384, 27.550606271508865
-30.486161991322188, 24.870689694334704, 27.83823884405831
-29.164431045462276, 23.267062294027, 27.350606779487684
-27.94256313371279, 21.586182825155205, 25.786303512962153
-26.836405993108773, 19.827130980180744, 24.12085673868312
-25.859734463833473, 17.9930583976955, 22.33157706431798
-25.02873083010864, 16.088618468587775, 20.385910692791764
-24.34910625343395, 14.125098191640495, 18.23383906209772
-23.825634913312868, 12.114238728494858, 15.791065730886904
-23.461347836047008, 10.068485983328044, 12.893424687928212
-23.248409248905897, 8.00146898517549, 9.11713501067174
-23.178645743145744, 5.9245865800866016, 9.233911862867873e-7
-23.178645743145744, 5.92458658008658, 0
-23.17864574314574, -14.07541341991342, 0
endData
20
70.32
50
-47.084872294372296, 46.87699206349206, -51.65823737373737, 34.40417821067821, -23.178645743145744, 30.66233405483406, -23.178645743145744, 5.92458658008658
