-43.55090836940837, 12.99251443001443, 32.54583142358678
-41.45949937139945, 13.021707754577, 31.23406207202737
-39.36851752299687, 13.073017984082805, 29.864731398792117
-37.278199663235654, 13.146533874184783, 28.429522902244354
-35.188773704005065, 13.242103204506064, 26.917900249863433
-33.10043558962884, 13.359094666651067, 25.31617766652521
-31.013284186448345, 13.495664394628395, 23.60602172257664
-28.927197669758677, 13.647679109370628, 21.76188286136623
-26.84171732985954, 13.807835967482005, 19.746258002500415
-24.7558424032185, 13.962706891908255, 17.87384531778555
-22.668000609804476, 14.087585243410913, 15.858321946503388
-20.577206318324595, 14.136829511613056, 13.849427896945846
-18.489489689180903, 14.026458394663603, 11.904128735292135
-16.440655084290015, 13.620647523558423, 10.878981164011096
-14.527278052771313, 12.788136517947397, 11.008156036853025
-12.845896018273297, 11.550056512736754, 12.358023533859228
-11.386949023693631, 10.053304702542809, 9.145791724173154
-10.082191197691197, 8.41914935064935, 0
1.858024188712882, -7.625515074831142, 0
endData
20
70.32
50
-43.55090836940837, 12.99251443001443, -19.852562049062048, 13.200394660894661, -16.73435858585858, 17.357999278499282, -10.082191197691197, 8.41914935064935
